# xi	p/p(1)	rho/rho(1)	u/u(1)
0.00000000	0.30619521	0.00000000	0.00000000
0.00400000	0.30619522	0.00000178	0.00320000
0.00800000	0.30619522	0.00000148	0.00640000
0.01200000	0.30619522	0.00000111	0.00960000
0.01600000	0.30619523	0.00000252	0.01280000
0.02000000	0.30619522	0.00000177	0.01600000
0.02400000	0.30619523	0.00000312	0.01920000
0.02800000	0.30619522	0.00000235	0.02240000
0.03200000	0.30619522	0.00000196	0.02560000
0.03600000	0.30619523	0.00000297	0.02880000
0.04000000	0.30619523	0.00000262	0.03200000
0.04400000	0.30619522	0.00000230	0.03520000
0.04800000	0.30619523	0.00000316	0.03840000
0.05200000	0.30619523	0.00000262	0.04160000
0.05600000	0.30619522	0.00000213	0.04480000
0.06000000	0.30619523	0.00000274	0.04800000
0.06400000	0.30619522	0.00000214	0.05120000
0.06800000	0.30619523	0.00000267	0.05440000
0.07200000	0.30619523	0.00000305	0.05760000
0.07600000	0.30619523	0.00000297	0.06080000
0.08000000	0.30619524	0.00000384	0.06400000
0.08400000	0.30619525	0.00000487	0.06720000
0.08800000	0.30619526	0.00000609	0.07040000
0.09200000	0.30619527	0.00000754	0.07360000
0.09600000	0.30619529	0.00000923	0.07680001
0.10000000	0.30619531	0.00001087	0.08000001
0.10400000	0.30619534	0.00001294	0.08320001
0.10800000	0.30619538	0.00001533	0.08640001
0.11200000	0.30619543	0.00001806	0.08960002
0.11600000	0.30619548	0.00002121	0.09280002
0.12000000	0.30619555	0.00002466	0.09600003
0.12400000	0.30619562	0.00002856	0.09920004
0.12800000	0.30619572	0.00003291	0.10240005
0.13200000	0.30619583	0.00003782	0.10560006
0.13600000	0.30619596	0.00004326	0.10880007
0.14000000	0.30619612	0.00004929	0.11200009
0.14400000	0.30619630	0.00005595	0.11520011
0.14800000	0.30619651	0.00006329	0.11840014
0.15200000	0.30619676	0.00007136	0.12160017
0.15600000	0.30619704	0.00008021	0.12480020
0.16000000	0.30619737	0.00008989	0.12800025
0.16400000	0.30619774	0.00010046	0.13120030
0.16800000	0.30619817	0.00011196	0.13440036
0.17200000	0.30619866	0.00012447	0.13760042
0.17600000	0.30619921	0.00013804	0.14080050
0.18000000	0.30619984	0.00015272	0.14400060
0.18400000	0.30620055	0.00016860	0.14720070
0.18800000	0.30620135	0.00018574	0.15040083
0.19200000	0.30620225	0.00020419	0.15360097
0.19600000	0.30620326	0.00022405	0.15680113
0.20000000	0.30620439	0.00024537	0.16000131
0.20400000	0.30620566	0.00026824	0.16320152
0.20800000	0.30620706	0.00029274	0.16640176
0.21200000	0.30620862	0.00031894	0.16960203
0.21600000	0.30621035	0.00034693	0.17280234
0.22000000	0.30621227	0.00037679	0.17600268
0.22400000	0.30621439	0.00040862	0.17920307
0.22800000	0.30621673	0.00044250	0.18240351
0.23200000	0.30621930	0.00047852	0.18560400
0.23600000	0.30622214	0.00051679	0.18880454
0.24000000	0.30622524	0.00055740	0.19200515
0.24400000	0.30622865	0.00060045	0.19520583
0.24800000	0.30623238	0.00064604	0.19840659
0.25200000	0.30623645	0.00069428	0.20160743
0.25600000	0.30624090	0.00074527	0.20480836
0.26000000	0.30624574	0.00079914	0.20800939
0.26400000	0.30625102	0.00085598	0.21121053
0.26800000	0.30625675	0.00091593	0.21441179
0.27200000	0.30626297	0.00097909	0.21761318
0.27600000	0.30626971	0.00104559	0.22081470
0.28000000	0.30627702	0.00111556	0.22401638
0.28400000	0.30628492	0.00118911	0.22721821
0.28800000	0.30629346	0.00126639	0.23042023
0.29200000	0.30630268	0.00134752	0.23362243
0.29600000	0.30631262	0.00143264	0.23682484
0.30000000	0.30632332	0.00152189	0.24002747
0.30400000	0.30633485	0.00161541	0.24323034
0.30800000	0.30634723	0.00171335	0.24643347
0.31200000	0.30636054	0.00181585	0.24963687
0.31600000	0.30637482	0.00192307	0.25284057
0.32000000	0.30639013	0.00203515	0.25604458
0.32400000	0.30640653	0.00215226	0.25924893
0.32800000	0.30642408	0.00227456	0.26245365
0.33200000	0.30644285	0.00240220	0.26565876
0.33600000	0.30646291	0.00253536	0.26886428
0.34000000	0.30648433	0.00267421	0.27207024
0.34400000	0.30650719	0.00281891	0.27527668
0.34800000	0.30653155	0.00296965	0.27848363
0.35200000	0.30655751	0.00312661	0.28169111
0.35600000	0.30658515	0.00328996	0.28489917
0.36000000	0.30661455	0.00345991	0.28810784
0.36400000	0.30664581	0.00363662	0.29131716
0.36800000	0.30667902	0.00382031	0.29452717
0.37200000	0.30671429	0.00401117	0.29773791
0.37600000	0.30675171	0.00420940	0.30094943
0.38000000	0.30679139	0.00441520	0.30416177
0.38400000	0.30683344	0.00462879	0.30737499
0.38800000	0.30687798	0.00485038	0.31058913
0.39200000	0.30692513	0.00508018	0.31380426
0.39600000	0.30697502	0.00531842	0.31702042
0.40000000	0.30702776	0.00556532	0.32023767
0.40400000	0.30708351	0.00582111	0.32345609
0.40800000	0.30714238	0.00608603	0.32667573
0.41200000	0.30720454	0.00636032	0.32989667
0.41600000	0.30727013	0.00664421	0.33311896
0.42000000	0.30733930	0.00693796	0.33634270
0.42400000	0.30741221	0.00724181	0.33956795
0.42800000	0.30748904	0.00755603	0.34279480
0.43200000	0.30756994	0.00788088	0.34602333
0.43600000	0.30765511	0.00821662	0.34925363
0.44000000	0.30774472	0.00856353	0.35248579
0.44400000	0.30783897	0.00892189	0.35571991
0.44800000	0.30793804	0.00929198	0.35895609
0.45200000	0.30804216	0.00967408	0.36219443
0.45600000	0.30815152	0.01006850	0.36543504
0.46000000	0.30826635	0.01047554	0.36867803
0.46400000	0.30838687	0.01089550	0.37192353
0.46800000	0.30851331	0.01132870	0.37517164
0.47200000	0.30864592	0.01177546	0.37842251
0.47600000	0.30878494	0.01223610	0.38167626
0.48000000	0.30893064	0.01271096	0.38493302
0.48400000	0.30908327	0.01320039	0.38819295
0.48800000	0.30924312	0.01370472	0.39145619
0.49200000	0.30941047	0.01422433	0.39472288
0.49600000	0.30958561	0.01475957	0.39799320
0.50000000	0.30976884	0.01531082	0.40126730
0.50400000	0.30996049	0.01587845	0.40454536
0.50800000	0.31016086	0.01646287	0.40782755
0.51200000	0.31037030	0.01706448	0.41111406
0.51600000	0.31058916	0.01768367	0.41440508
0.52000000	0.31081778	0.01832088	0.41770080
0.52400000	0.31105654	0.01897654	0.42100143
0.52800000	0.31130582	0.01965108	0.42430718
0.53200000	0.31156601	0.02034497	0.42761828
0.53600000	0.31183751	0.02105866	0.43093494
0.54000000	0.31212075	0.02179263	0.43425740
0.54400000	0.31241616	0.02254738	0.43758590
0.54800000	0.31272418	0.02332340	0.44092069
0.55200000	0.31304528	0.02412122	0.44426204
0.55600000	0.31337994	0.02494137	0.44761021
0.56000000	0.31372864	0.02578439	0.45096547
0.56400000	0.31409191	0.02665085	0.45432811
0.56800000	0.31447026	0.02754133	0.45769843
0.57200000	0.31486423	0.02845642	0.46107673
0.57600000	0.31527440	0.02939674	0.46446333
0.58000000	0.31570135	0.03036292	0.46785854
0.58400000	0.31614567	0.03135563	0.47126270
0.58800000	0.31660798	0.03237552	0.47467616
0.59200000	0.31708893	0.03342330	0.47809928
0.59600000	0.31758919	0.03449968	0.48153241
0.60000000	0.31810944	0.03560542	0.48497594
0.60400000	0.31865039	0.03674126	0.48843025
0.60800000	0.31921278	0.03790802	0.49189575
0.61200000	0.31979737	0.03910650	0.49537285
0.61600000	0.32040495	0.04033756	0.49886197
0.62000000	0.32103634	0.04160207	0.50236355
0.62400000	0.32169238	0.04290095	0.50587804
0.62800000	0.32237395	0.04423513	0.50940591
0.63200000	0.32308195	0.04560560	0.51294762
0.63600000	0.32381732	0.04701337	0.51650368
0.64000000	0.32458105	0.04845950	0.52007458
0.64400000	0.32537414	0.04994506	0.52366084
0.64800000	0.32619763	0.05147121	0.52726299
0.65200000	0.32705262	0.05303911	0.53088158
0.65600000	0.32794022	0.05465000	0.53451717
0.66000000	0.32886162	0.05630515	0.53817034
0.66400000	0.32981803	0.05800588	0.54184167
0.66800000	0.33081070	0.05975357	0.54553178
0.67200000	0.33184095	0.06154967	0.54924128
0.67600000	0.33291013	0.06339567	0.55297082
0.68000000	0.33401966	0.06529314	0.55672104
0.68400000	0.33517101	0.06724369	0.56049262
0.68800000	0.33636571	0.06924904	0.56428624
0.69200000	0.33760535	0.07131095	0.56810262
0.69600000	0.33889158	0.07343127	0.57194246
0.70000000	0.34022611	0.07561195	0.57580650
0.70400000	0.34161071	0.07785493	0.57969549
0.70800000	0.34304736	0.08016254	0.58361024
0.71200000	0.34453788	0.08253677	0.58755149
0.71600000	0.34608434	0.08498003	0.59152005
0.72000000	0.34768884	0.08749472	0.59551677
0.72400000	0.34935359	0.09008338	0.59954246
0.72800000	0.35108088	0.09274869	0.60359799
0.73200000	0.35287312	0.09549342	0.60768424
0.73600000	0.35473279	0.09832050	0.61180208
0.74000000	0.35666252	0.10123301	0.61595243
0.74400000	0.35866502	0.10423416	0.62013621
0.74800000	0.36074314	0.10732733	0.62435435
0.75200000	0.36289986	0.11051609	0.62860781
0.75600000	0.36513830	0.11380417	0.63289757
0.76000000	0.36746170	0.11719549	0.63722460
0.76400000	0.36987348	0.12069420	0.64158990
0.76800000	0.37237718	0.12430464	0.64599449
0.77200000	0.37497656	0.12803139	0.65043938
0.77600000	0.37767550	0.13187929	0.65492562
0.78000000	0.38047811	0.13585340	0.65945425
0.78400000	0.38338867	0.13995910	0.66402634
0.78800000	0.38641167	0.14420203	0.66864294
0.79200000	0.38955183	0.14858817	0.67330514
0.79600000	0.39281409	0.15312381	0.67801402
0.80000000	0.39620365	0.15781560	0.68277067
0.80400000	0.39972594	0.16267056	0.68757617
0.80800000	0.40338668	0.16769613	0.69243163
0.81200000	0.40719189	0.17290016	0.69733814
0.81600000	0.41114787	0.17829095	0.70229680
0.82000000	0.41526126	0.18387730	0.70730869
0.82400000	0.41953903	0.18966851	0.71237491
0.82800000	0.42398852	0.19567445	0.71749654
0.83200000	0.42861746	0.20190558	0.72267463
0.83600000	0.43343395	0.20837297	0.72791026
0.84000000	0.43844657	0.21508837	0.73320447
0.84400000	0.44366432	0.22206426	0.73855828
0.84800000	0.44909671	0.22931387	0.74397271
0.85200000	0.45475372	0.23685128	0.74944872
0.85600000	0.46064594	0.24469142	0.75498729
0.86000000	0.46678447	0.25285018	0.76058935
0.86400000	0.47318108	0.26134447	0.76625578
0.86800000	0.47984816	0.27019225	0.77198745
0.87200000	0.48679880	0.27941267	0.77778520
0.87600000	0.49404685	0.28902612	0.78364978
0.88000000	0.50160691	0.29905433	0.78958196
0.88400000	0.50949446	0.30952045	0.79558240
0.88800000	0.51772583	0.32044920	0.80165175
0.89200000	0.52631834	0.33186694	0.80779059
0.89600000	0.53529029	0.34380183	0.81399944
0.90000000	0.54466109	0.35628395	0.82027877
0.90400000	0.55445129	0.36934545	0.82662896
0.90800000	0.56468267	0.38302070	0.83305035
0.91200000	0.57537836	0.39734651	0.83954320
0.91600000	0.58656287	0.41236227	0.84610769
0.92000000	0.59826224	0.42811017	0.85274394
0.92400000	0.61050412	0.44463545	0.85945198
0.92800000	0.62331790	0.46198662	0.86623176
0.93200000	0.63673484	0.48021575	0.87308317
0.93600000	0.65078819	0.49937875	0.88000599
0.94000000	0.66551336	0.51953569	0.88699993
0.94400000	0.68094806	0.54075118	0.89406463
0.94800000	0.69713248	0.56309470	0.90119964
0.95200000	0.71410951	0.58664110	0.90840440
0.95600000	0.73192489	0.61147101	0.91567831
0.96000000	0.75062751	0.63767135	0.92302067
0.96400000	0.77026959	0.66533592	0.93043068
0.96800000	0.79090699	0.69456601	0.93790750
0.97200000	0.81259949	0.72547106	0.94545019
0.97600000	0.83541112	0.75816944	0.95305774
0.98000000	0.85941051	0.79278926	0.96072906
0.98400000	0.88467128	0.82946929	0.96846302
0.98800000	0.91127246	0.86835998	0.97625839
0.99200000	0.93929894	0.90962457	0.98411391
0.99600000	0.96884204	0.95344034	0.99202824
1.00000000	1.00000000	1.00000000	1.00000000
